00000000000000000055573329283060605959585858605758595858585964656454392400000000000000000000000000007857565559674500000000000000
00000000000039726061716838303457671528355069747468626059596261585758586062585957616468717068646051745742313034535553000000000000
00000000007459433229435479596684000000000000000000000000000011477573585758596060626057615960586081582832282828315371000000000000
00000000005740292928293661696846170000000000000000000000000000000000000000003965686459595859596074553228262625284562000000000000
00000000225531302826273337383743455659536265665333200000000000000000000000000000000000003665756781533029242629335366813900000000
00000000005840292726304051464337373134373735343535394044495258636459604842362918130000000000000062574430293228375881545378000000
00000000568380522930355680464554606570736768636160535149423937343536353834353637394145485255606264795857444454598527303556860000
00003558555153577159577900000000000000000000000000000000000000133860686863595548413734363536343533394883666581492726282848630000
00005850322633295469522511000000000000000000000000000000000000000000000000000000001639596562596057565252735330292625312846630000
00515934262727293437353636394651545863645950382920140000000000000000000000000000000000000000000000174366755740312631253158847400
00485729312525263137343335333033323333333434333132333434343639414346505254565859606263626162626161605861657954453131365766385573
00006249343032315059606165656366626158555351494844434139373533313232313132333434303133323233333231313534363178615354598228314776
00008468616671586321000000000000000000000000000000000000000000000000001329465865696459544943393632343231313334562823252425295164
20615337314159740000000000000000000000000000000000000000000000000000000000000000000000000000000000214363666257624530283227335581
75573029282828546251566060636460555246403530262421191512121100000000000000111416192022242630354045515257646568745649342943607078
61382924272728484432313032323231333130303232313031313232323132323332313132323231313232323232323130313433313131325276605764754676
66502827272828545334323534323435363738383738404244444444454545454545434141403838383635333434343433373334343333344029282528305677
62544132292943546016000000000000000000000000000000000000000000000000000000000000000000000000000000001836546471615729283031425250
00597965585977690000000000000000000000000000000000000000000000000000000000000000000000111627446067646156514738298259605556576200
00705633323150555819110000000000000000121414161922242731364247505859585654504440373734343333333232313429343131292631706971620000
80563230302728476040353637383633323334323233333133323232323332323133343433333232353431363535363938424341394040313231262954860000
77502828222429325636293229302933323435343335384044495662646155503528171111110000000000000000000000227068332579574333396170000000
84593128272729375753525462687060502500000000000000000000000000000000000000000000000013516864565547333734322528518162786000000000
11595332293230577800000000000000000000000000000000000000000000000000153556666153454233373434343435363134352828273257410000000000
00207157737258597252000000000000000000000000001223324659636156464137333435353335394144525959656465676369523331355479000000000000
00000080554331324156775958616663646459534944383835343334343336434956616457412616000000004573626054222829776359715500000000000000
00005057343030262730606335343434333434343534384554626761320000000000000000000000566758606153383938292726497800000000000000000000
00008359302725262930567632373441545564675320000000000000000000000000001265685656605659575659605962293148583300000000000000000000
00006856352828282832577865563100000000000000000000000000000013447062585956576159596571572828287667565967250000000000000000000000
00000069543125293053591300000000000000000000000000285465615759585758546468817565746459612626295542000000000000000000000000000000
00000011735559547168595967690000000015446364606058615759575664652600006356716661585969763030466400000000000000000000000000000000
00000000001149815649313237547360605959605654535558587047000000000000167762606060747370585555720000000000000000000000000000000000
00000000000034573729282633305685374256585760684500000000000000004872585960717623325751000000000000000000000000000000000000000000
00000000000063553428272626315473586367450000000000000000002372606457687877767629315619000000000000000000000000000000000000000000
00000000000051563030272428325281000000000000000000002070665863616847757675755144557000000000000000000000000000000000000000000000
00000000000000705631293333455734000000000000002471726064576762453175787875687570110000000000000000000000000000000000000000000000
00000000000000007456585257607956595757803373765662596073675574787980747100000000000000000000000000000000000000000000000000000000
00000000000000000013697740665830303039577967616265775681135678777676617000000000000000000000000000000000000000000000000000000000
00000000000000000000000079523327272627355881757754343035577977767768720000000000000000000000000000000000000000000000000000000000
00000000000000000000000074532828252827315782655728263427677577767735000000000000000000000000000000000000000000000000000000000000
00000000000000000000000085543029262730305660735431607276777678777800000000000000000000000000000000000000000000000000000000000000
00000000000000000000000000615430313133557840777781837477747715757500000000000000000000000000000000000000000000000000000000000000
00000000000000000000000000177355545757797757564648586579817621777700000000000000000000000000000000000000000000000000000000000000
00000000000000000000000000000000456739726036292728324763737778787400000000000000000000000000000000000000000000000000000000000000
00000000000000000000000000000000335632715430302625283457827276767600000000000000000000000000000000000000000000000000000000000000
00000000000000000000000000000000165432735130282228283157656878757900000000000000000000000000000000000000000000000000000000000000
00000000000000000000000000008179787955805730312827295159007777708230000000000000000000000000000000000000000000000000000000000000
00000000000000000000000081574432435468798157533740565983635649425453790000000000000000000000000000000000000000000000000000000000
00000000000000000000002258302629283153110047746671786468533030283033567800000000000000000000000000000000000000000000000000000000
00000000000000000000004857292726415863670000000000004053313025262731486739000000000000000000000000000000000000000000000000000000
00000000000000000000001657332726454540555664570000004060303024272730497375655943000000000000000000000000000000000000000000000000
00000000000000000000497179575245756858596251575764430064533231283131568360595960548000000000000000000000000000000000000000000000
00000000000000006552564954607077500000004771615657555773605546405258796043312930335779000000000000000000000000000000000000000000
00000000000000245635282728426000000000000000000057635859557870738041725331242927283857000000000000000000000000000000000000000000
00000000000000785128272825414960623400000000000000000026685860585762674928272525283354667671823300000000000000000000000000000000
00000000000000525533252631373433353543556445000000000000000014685560775431302928315265564339485883000000000000000000000000000000
00000000000000007956333046606056484034353433374459622100000000000000746658373034555673282930283154670000000000000000000000000000
00000000000060695769776779170000000025586459523934373339506354120000000078615458806238292825262955717879530000000000000000000000
00000000007755363134557200000000000000000000000017426056423435353846586129110038675735282628263054783745567013000000000000000000
00000000395530252525296167513416000000000000000000000000000028555846393134404150617956323131274057622927325071150000000000000000
00000000635531272625263033333131364052605851310000000000000000000000002961554536373777565653595776272631303258576537000000000000
00000000005635283029363034343332343430293232323333363647646545210000000000000000566353437584825527252724294060373857280000000000
00000000004461584857614400000015243750555861585143403735313133313032353337475563635947265467586246323128355780252851772600000000
00000000187556576971000000000000000000000000000000000000001530465754504336353232323331323333354665565358607526272948765618000000